    22   30
1            4
4.87824610605051 2.19722457733622 8.62566801577656 4.81705054502359 1.90210752639692 2.07944154167984 3.56388296393925 1.70474809223843 2.90690105984738 2.484906649788 2.50959926237837 1.06471073699243 5.96589029598855 5.98946254443731 3.95508249488859 1.94591014905531 3.55534806148941 2.81540871942271 2.43361335540045 4.22683374526818 0.0235722484487573 2.68102152871429 1.85913487170083 0.421994410059375 1.44488852538594 0.0611955610269199 -1.11121894339368 10.7051095574564 10.6110640172363 11.3523391311721
4.72915616576908 2.79728133483015 9.67669159053318 4.61512051684126 1.80828877117927 2.07944154167984 3.82428409112014 2.15176220325946 3.01553490085017 2.7408400239252 3.12236492448736 1.66770682055808 6.46831965130282 6.53611171934948 4.13836144763888 1.94591014905531 3.54673968695281 3.31418600467253 2.45958884180371 4.66249525260736 0.067792068046664 1.93187483093893 1.67252188786068 0.27469487692497 1.45465810392928 0.114035648927823 -1.80695700369536 11.756133132213 11.8651284303504 12.5052622242284
4.90230741721063 2.73436750941958 9.72401519112733 4.36691299686383 1.7227665977411 2.07944154167984 3.73766961828337 2.26176309847379 2.82137888640921 2.63188884013665 2.51769647261099 1.22377543162212 6.32435896238131 6.42535512939985 4.12066187053947 1.94591014905531 3.45946628978613 3.3499040872746 2.45958884180371 4.80155899999348 0.100996167018539 2.16793990779104 1.47590651980958 0.189490046272567 1.29392104098888 0.535394420346794 -1.52304933214579 11.8034567328072 11.7777582627784 12.4838372275015
4.72295322164447 2.39789527279837 8.87171652229482 4.30541553230204 1.1314021114911 2.484906649788 3.42751468997953 2.02814824729229 2.68102152871429 1.82454929205105 2.56494935746154 1.06471073699243 6.08541015995051 6.16120732169508 3.88156379794344 1.94591014905531 4.26689632742025 3.48431228837266 2.18605127673809 4.41400968052693 0.0757971617445668 2.3250579488461 1.39936644268724 0.856472236663245 1.50023862046911 0.417537689342434 -1.43825620975302 11.3566231720828 10.9698406755882 11.8749637769215
2            1
4.38202663467388 2.70136121295141 9.13772181563032 3.95699637107088 2.34180580614733 2.07944154167984 3.81990771652034 1.82454929205105 2.15176220325946 1.66770682055808 1.97408102602201 0.641853886172395 5.61604356034819 6.74582441183592 4.81705054502359 2.89037175789616 5.16592817850229 3.77045944110636 3.19458313229916 6.4961714898658 1.12978085148772 1.68066542172247 1.99535842446929 0.484055382701386 1.33222713984961 0.425030263603004 -2.3637989529403 11.2171633573102 11.7432518370286 12.2075591597427
3            5
4.50645421304893 2.79728133483015 9.45398963748069 4.35670882668959 1.96009478404727 2.63905732961526 3.25424296870549 1.38629436111989 1.75785791755237 1.68639895357023 2.05412373369555 0.693147180559945 6.24823627940218 7.51529010346616 4.42962561347316 2.56494935746154 4.45085282560373 4.26549281841793 2.73436750941958 5.91188006776514 1.26705382406398 1.70917287821878 1.8679486075856 0.0714589639821449 1.3609765531356 0.149745386359342 -3.00883643510905 12.093046967096 11.5087978499129 12.5361445663422
4.67095792652609 2.86789890204411 9.75972848539081 4.52504414150881 1.91692261218206 1.94591014905531 3.38099467434464 1.58923520511658 1.70474809223843 1.48160454092422 2.18605127673809 0.8754687373539 5.71801405690293 7.03103429514231 4.13995507347415 2.63905732961526 4.62399194022868 4.41037110768302 3.00568260440716 5.74460446917646 1.31302023823938 1.80305902448199 1.79175946922805 0.22314355131421 1.31058253938419 0.145913785017288 -2.3600772526328 11.7056386344461 11.3542345912249 12.2384406220815
4.81299703319041 2.91235066461494 9.99067111749223 4.26969744969996 1.38629436111989 2.19722457733622 3.51749783735832 1.7404661748405 1.77495235091167 1.43508452528932 1.94591014905531 0.53062825106217 5.59173297084758 7.03518056723738 4.22097721315547 2.63905732961526 4.19569705648239 3.97968165390196 3.45631668088323 5.68934542685843 1.4434475963898 1.90064636857547 1.77703166251781 0.339867825622351 1.41528189799314 0.543299583490446 -2.22218441440577 12.1878956948284 11.6461149960575 12.6464031686811
4.81380905109942 2.8094026953625 9.78558719681051 4.33729074083249 1.82454929205105 2.63905732961526 3.60549784517489 1.54756250871601 1.54756250871601 1.38629436111989 2.07944154167984 0.693147180559945 5.88109148962661 7.22613628018319 4.27249074760558 2.63905732961526 4.5368913452348 3.86283276123737 3.17805383034795 5.97711204088358 1.34504479055658 2.00440635573692 2.05793533645887 0.161268147596122 1.38629436111989 0.476518310266929 -2.41232795640913 12.4246445264258 11.7321670506954 12.8303329193147
4.55282370561588 2.66025953726586 9.22631553484692 4.15888308335967 1.7404661748405 2.07944154167984 3.51749783735832 1.54756250871601 1.64865862558738 1.50407739677627 1.85629799036563 0.641853886172395 5.58574940774461 7.10315757531462 3.84801767545223 2.30258509299405 4.63569939102291 3.88567903008854 3.09557760852371 5.73753957145433 1.51740816757001 1.89256416835002 1.9699353286423 0.144581228811108 1.21444410419323 0.39394062225621 -2.5503346922021 11.3057570765268 11.5211883380103 12.1124100324991
4            5
3.85651029549789 2.80336038090653 8.81620381236456 3.73050112880476 2.14006616349627 2.63905732961526 3.15273602236366 1.48160454092422 1.88706964903238 1.6094379124341 1.91692261218206 0.78845736036427 5.16820868120102 6.2439727070521 3.97029191355212 1.94591014905531 4.66532410880784 4.52396013056255 2.27212588550934 5.19295685089021 1.07576402585108 1.05314991459135 1.67113148143944 0.277631736598279 1.12846525181779 0.126009166693131 -2.38746435367701 11.4552611419798 10.2312836869613 11.7130443404573
3.85862222870103 2.78501124223834 8.78161746829273 3.7796338173824 1.66770682055808 2.77258872223978 3.10009228887823 1.50407739677627 2.00148000021012 1.88706964903238 2.17475172148416 0.741937344729377 5.63371760020791 6.31264183869356 4.11251186617755 2.19722457733622 4.63278535302106 3.6609942506244 2.34180580614733 5.31713912078862 0.678924238485643 1.07361098646269 1.59601489210196 0.114410351177744 1.43281437675478 0.0789884113186305 -2.45402142322751 11.5542061905325 10.2697819409694 11.798570900738
3.44998754583159 2.63188884013665 8.06673798115849 3.2188758248682 1.33500106673234 1.38629436111989 3.27714473299218 1.48160454092422 1.91692261218206 1.54756250871601 2.04122032885964 0.8754687373539 4.7361984483945 5.37527840768417 4.01457959375324 2.39789527279837 4.72561633906396 4.07073469658297 2.54944517092557 4.78582368568135 0.63907995928967 0.818098705694941 1.79554019206796 0.369360103466048 1.16575159150574 0.231111720963387 -1.92529549147149 9.45303234227838 9.4869980982219 10.1633066029506
3.48737507790321 2.47653840011748 7.7934246331093 3.56953269648137 1.33500106673234 1.38629436111989 3.11351530921037 1.48160454092422 1.90210752639692 1.45861502269952 1.90210752639692 0.53062825106217 4.68675017298051 5.04793107883995 3.8286413964891 2.19722457733622 4.06216566385787 2.68102152871429 2.18605127673809 5.01595445557386 0.361180905859438 1.01083667778572 1.63191076828616 0.443492503697404 1.37147927533475 -0.0821576185781623 -1.5605624235237 9.17971899422919 8.99602134559589 9.78522953624645
3.7635229971097 2.80336038090653 8.72321651397638 3.41444260841218 1.1314021114911 2.99573227355399 3.39450839351136 1.56861591791385 2.4932054526027 2.39789527279837 2.01490302054226 0.916290731874155 5.58274414627915 6.18990548578182 3.9982007016692 2.63905732961526 4.42484663185681 4.11577984294217 1.90210752639692 4.77912349311153 0.607161339502675 0.960162616203167 1.82589247559751 0.0953101798043247 1.09861228866811 0.349080388697526 -2.42638453869052 11.7189487875304 10.5060002138284 11.9792488597699
5            6
3.66612246699132 2.9338568698359 8.88680896166145 3.25809653802148 1.19392246847243 5.13579843705026 3.92789635458444 2.26176309847379 2.74727091425549 2.11625551480255 2.99071973173045 1.97408102602201 7.15687841925529 8.86793456650114 5.2709461697519 3.09104245335832 5.63371760020791 4.68490515400694 2.70136121295141 5.93568753163898 1.71105614724585 0.732265597155417 1.66613325611065 0.631015399452939 1.01663870570844 0.408025928969838 -5.20181224034298 14.0226073987117 14.4105644361807 14.9284301146266
2.96527306606928 2.37954613413017 7.07733808972085 2.43361335540045 1.22377543162212 2.07944154167984 2.85647020622048 1.30833281965018 2.69462718077007 2.07944154167984 3.01062088604774 1.41098697371026 4.83945148171276 6.34388043412633 4.2076732475291 2.39789527279837 2.95491027903374 2.68102152871429 3.20274644293832 4.00369019395397 1.50442895241357 0.585726931939108 1.5481373865703 0.615185639090233 1.59963391233748 0.531659710668833 -3.37860912552475 9.15677963140068 9.86165387661834 10.2632252236548
3.46885603013597 2.76000994003292 8.34184866516009 3.07731226054641 1.09861228866811 3.46573590279973 3.4626060097908 1.41098697371026 2.41591377830105 1.62924053973028 2.27212588550934 0.8754687373539 5.87268101111801 7.35404238161056 3.77276093809464 2.63905732961526 5.10291057020543 4.33859707674655 2.74727091425549 4.80811102998478 1.48136137049254 0.708846090103049 2.05161903608054 0.786673238570769 1.39665714815544 0.391543769589556 -3.88518699147438 11.8075845679598 11.580605781733 12.3936684996821
3.85651029549789 3.17387845893747 9.55723996851125 3.51452606696916 1.94591014905531 4.12713438504509 3.19458313229916 1.7227665977411 2.65324196460721 2.10413415427021 2.96527306606928 1.6094379124341 7.03165291563837 8.54803272656721 5.11439452838711 3.3322045101752 5.42934562895444 4.86753445045558 3.50254987592244 6.19542527900542 1.51637981092883 0.682631836560422 1.47181653455805 0.549107810337008 1.35583515363518 0.341984228528729 -4.69152262499553 13.6843743535563 12.8183528732288 14.0354689296037
3.43720781918519 2.66722820658195 8.12463698752117 2.90690105984738 1.45861502269952 3.46573590279973 3.31054301339402 1.62924053973028 2.68784749378469 1.97408102602201 2.91235066461494 1.50407739677627 5.6774384993166 7.11143054710095 4.41158543691543 2.70805020110221 4.21803603456465 3.34638914516716 3.24259235148552 5.33126846668772 1.43399204778435 0.769979612603234 1.68130247366374 0.713766467762681 1.40827326783867 0.530306759337813 -3.67422354364265 11.5903728903209 11.4041845168466 12.1947529033146
3.60277675506052 2.98568193770049 8.92711338554166 3.37073817417745 1.85629799036563 5.8805329864007 3.30688670219091 1.6094379124341 3.25037449192757 2.16332302566054 3.17387845893747 1.82454929205105 7.13672184359914 8.66972541939944 5.23377884541047 3.29583686600433 5.04985600724954 4.80974235171687 4.45201900649392 6.71064490471474 1.5330035758003 0.617094817360035 1.69744878975681 1.08705146626703 1.34932916688642 0.232038580883078 -5.06694883604515 14.8076463719424 12.9390204506458 14.95117129968
6            3
4.06216566385787 2.73436750941958 8.88387343780608 3.73766961828337 1.75785791755237 2.19722457733622 3.47196645255036 1.7404661748405 1.80828877117927 1.64865862558738 2.2512917986065 0.832909122935104 5.97100670520559 7.47443179548813 4.06388535473739 2.30258509299405 4.73356340075649 4.24132675257075 2.59525470695687 6.11146733950268 1.50342509028255 1.32779815443828 1.73150027770986 0.159630145591884 1.41838267567139 0.324496045574497 -3.41226669903819 11.0810980151423 12.0398348395003 12.3643623442512
4.58292457704077 3.25037449192757 10.4366463159143 4.26127043353808 1.62924053973028 3.63758615972639 3.958906591327 2.04122032885964 1.98787434815435 1.77495235091167 2.4932054526027 0.993251773010283 6.82600277710988 8.39128977452708 4.42124734782716 2.484906649788 5.41209238080688 5.31369846858634 3.40452517175483 6.89770494312864 1.5652869974172 1.3325500851132 1.91768626246736 0.212921997242672 1.49995367959241 0.32165414350269 -3.80836542432081 14.0742324756407 13.7443871113351 14.6159955120729
4.45550941143368 2.90690105984738 9.6222842858906 4.10594369806545 1.64865862558738 3.85014760171006 3.91601502669768 2.34180580614733 2.04122032885964 1.52605630349505 2.71469474382088 1.09861228866811 6.82165257992873 8.45916145516479 4.78665806203347 2.83321334405622 5.62040086571715 4.40671924726425 3.45631668088323 6.9071550989101 1.63750887523606 1.54860835158631 1.57420922055036 0.515164025364589 1.61608245515277 0.349565713368232 -4.00365225568081 13.4724318876007 14.0699527046311 14.5083198412309
7            4
4.47847253294213 3.10009228887823 10.0316298655587 4.15261347034608 1.58923520511658 1.38629436111989 3.83514196109219 1.85629799036563 2.18605127673809 1.94591014905531 2.96527306606928 1.41098697371026 5.0998664278242 5.22035582507832 3.55534806148941 1.6094379124341 3.94352167248752 2.32238772029023 1.79175946922805 4.80729437007823 0.120489397254126 1.3783802440639 1.97884397072656 0.240141127682781 1.55428609235902 0.325859062596057 -0.741888697526987 11.4179242266786 10.2647661931575 11.6922462476022
4.40060302024682 3.46573590279973 10.6850475808999 4.29592393562047 1.80828877117927 1.09861228866811 3.82428409112014 2.01490302054226 2.61739583283408 2.2082744135228 3.2188758248682 1.77495235091167 4.96563792816552 5.49593796063116 3.77276093809464 1.6094379124341 4.12713438504509 3.8649313978943 2.3887627892351 5.04342511691925 0.53030003246564 0.934867117447091 1.80938107057787 0.409121419311275 1.44392347395653 0.104679084626347 -1.09533904378175 11.783659869568 10.6880954889149 12.0721047903793
4.48751214251986 3.60549784517489 11.0514805879296 4.16044436392662 2.45958884180371 1.09861228866811 4.09100566095659 2.06686275947298 2.34180580614733 1.58923520511658 2.90690105984738 0.955511445027436 5.22305488204749 5.37435205282403 4.51085950651685 1.6094379124341 4.32148013480585 3.42100000895834 2.10413415427021 5.22305488204749 0.151297170776544 0.882014297344974 2.02414290148361 0.752570601030746 1.95138961481994 0.327067778593235 -0.886844544213735 12.1500928765977 10.8851908898749 12.398722451089
4.47733681447821 2.69462718077007 9.21956393087379 4.05352256770185 1.54756250871601 1.09861228866811 3.80220813942094 1.75785791755237 2.34180580614733 1.85629799036563 2.84490938381941 1.45861502269952 4.67749084756772 5.07267068501571 3.5945687746427 1.6094379124341 4.18052225846315 2.69462718077007 1.87180217690159 4.98975208317983 0.395179837447991 1.78270963370814 2.04435022186857 0.485507815781701 1.38629436111989 0.423814246776361 -0.595340136182033 10.3181762195419 9.98570715861037 10.8588426581104
8            2
4.18661983833127 2.7408400239252 9.02127264123528 3.92197333628131 1.64865862558738 5.37527840768417 4.26829786934554 2.24070968927596 2.96010509591084 2.82731362192903 3.23867845216438 1.97408102602201 7.27683298963791 8.53654473659802 5.27658287440203 3.09104245335832 5.31566600488265 5.15386946218216 3.57515068878559 6.51663676458089 1.25971174696011 1.44577981440607 2.02758818006958 0.132791473981812 1.26459742614237 0.264646502049957 -4.34992509443363 14.3965510489194 14.3985227118409 15.0906845468719
4.26969744969996 3.06339092202781 9.74945204857588 4.02356438016105 1.70474809223843 5.12396397940326 4.27666611901606 2.30258509299405 3.00071981506503 2.9338568698359 3.18221184049661 1.94591014905531 7.53743003658651 8.73605559166692 4.72561633906396 3.17805383034795 5.57443280262835 4.68490515400694 3.7796338173824 7.60240133566582 1.19862555508041 1.20630652767216 1.97408102602201 0.0668629452291267 1.2363016914413 0.246133069538909 -4.4663583026534 14.8734160279791 14.6682772202984 15.4692448484147
9            1
4.61214579972452 3.13983261752775 10.2447837899331 4.41763506214125 1.75785791755237 5.53733426701854 4.00551334851548 2.29253475714054 2.82137888640921 2.4932054526027 2.91235066461494 1.85629799036563 9.92070841858045 9.97627322226178 4.81055701571304 2.56494935746154 6.17378610390194 4.58292457704077 3.21084365317094 4.73268350628705 0.0555648036813302 1.47231318219677 1.71297859137494 0.328173433806518 1.05605267424931 0.194510737583267 -5.36412746902726 15.7821180569517 15.6272917445391 16.4008454916552
10           5
4.17899203628239 2.00148000021012 7.53492479186306 3.68637632389582 0.993251773010283 2.07944154167984 3.30321697330195 1.38629436111989 2.65324196460721 2.15176220325946 2.01490302054226 0.53062825106217 4.62104353514438 4.92580335857956 4.40182926197006 1.94591014905531 3.5234150143864 2.72129542785223 1.98787434815435 3.90801498403061 0.304759823435177 2.17751203607226 1.91692261218206 0.501479761347753 1.48427476948009 0.492615712386568 -0.746818579164891 9.6143663335429 8.96828510962275 10.0357674994597
4.30406509320417 2.45958884180371 8.5762155318652 4.05698877567833 1.22377543162212 2.07944154167984 3.08648663682246 1.30833281965018 2.69462718077007 2.2082744135228 2.45100509811232 0.955511445027436 4.74406218485471 5.04664573161929 3.50855589998265 1.94591014905531 4.6931810633108 2.53369681395743 1.62924053973028 3.1267605359604 0.302583546764579 1.84447625140046 1.77815381717228 0.486352767247265 1.49549365308488 0.247076317525838 -0.742587069262608 10.655657073545 8.79443560471327 10.8001751633119
4.12228393091134 2.02814824729229 7.53155318044234 3.75419892023458 0.8754687373539 2.07944154167984 3.07731226054641 1.45861502269952 2.07944154167984 1.68639895357023 2.59525470695687 0.993251773010283 4.51852237926242 5.28826703069454 3.50254987592244 1.94591014905531 4.00003388275086 1.82454929205105 1.75785791755237 2.9338568698359 0.769744651432116 2.09413568361906 1.6186972378469 0.393042588109607 1.60200293394658 0.368085010676763 -1.16598815027549 9.61099472212218 9.17716473056181 10.1105707550951
4.10098910494077 2.37024374146786 8.19444934304057 3.90197266957464 0.955511445027436 2.07944154167984 3.20680324363393 1.41098697371026 2.09186406167839 1.64865862558738 2.58021682959233 1.02961941718116 4.748404354074 5.29179614955777 3.44998754583159 1.94591014905531 4.01818320125654 2.68102152871429 2.06686275947298 3.94158180766969 0.543391795483772 1.73074536347291 1.79581626992367 0.443205436091011 1.55059741241117 0.199016435366125 -1.19081207731697 10.2738908847204 9.26255678352331 10.5841169694468
4.0517849478033 2.28238238567653 7.96952247420997 3.7796338173824 1.02961941718116 2.30258509299405 3.47815842279828 1.64865862558738 2.36085400111802 1.80828877117927 2.52572864430826 0.955511445027436 4.66720557690754 4.81218435537242 3.54385368206368 1.94591014905531 3.78418963391826 2.61006979274201 2.19722457733622 4.29864502573483 0.144978778464873 1.76940256212678 1.8294997972109 0.552565229938756 1.57021719928082 0.272151130420904 -0.760407537617365 10.272107567204 9.29197182037943 10.5907504840762
11           1
4.7518645651389 3.21084365317094 10.5265246266631 4.29319542096727 2.05412373369555 2.07944154167984 3.54095932403731 1.88706964903238 2.61739583283408 1.88706964903238 2.60268968544438 1.02961941718116 5.76330845397023 6.39542852908988 3.99083418585244 1.94591014905531 3.93963817246112 2.14006616349627 2.18605127673809 4.33073334028633 0.632120075119651 1.54102091196796 1.65388967500493 0.730326183801699 1.57307026826323 0.458669144171629 -1.64356563312001 12.6059661683429 11.1764279187809 12.8206092518419
12           6
4.90897164031976 2.05412373369555 8.37019186276446 4.30945594183905 1.09861228866811 3.46573590279973 3.88156379794344 1.75785791755237 2.99573227355399 2.60268968544438 3.16547504814109 1.77495235091167 5.4701676234747 6.16583793405276 4.22097721315547 1.94591014905531 3.1904763503465 2.27212588550934 2.37954613413017 4.04129534113228 0.695670310578066 2.85484790662421 2.12370588039106 0.393042588109607 1.39052269722941 0.599515698480709 -1.2568683936888 11.8359277655642 11.1582300661699 12.2465692667952
4.43675153436313 2.11625551480255 8.02223531902184 4.3333614626926 1.25276296849537 3.46573590279973 4.03246915850401 2.05412373369555 2.83321334405622 2.60268968544438 3.45946628978613 2.17475172148416 5.96023184467688 6.32865081446285 4.40671924726425 1.94591014905531 5.11198778835654 3.61091791264422 3.67376581630389 5.60947179518496 0.368418969785968 2.32049601956058 1.97834542480847 0.230523658611832 1.28471456830197 0.103390071670527 -1.89190106453782 11.4879712218216 11.7682141232838 12.3310249062249
4.17130560335823 2.16332302566054 7.85092440965503 3.96461545554732 1.45861502269952 3.58351893845611 3.79997350161952 1.68639895357023 2.8094026953625 2.17475172148416 2.68102152871429 0.741937344729377 5.44932024008456 6.13166117760127 4.0943445622221 1.94591014905531 3.89995042419388 2.29253475714054 2.45958884180371 3.74950407593037 0.682340937516701 2.00798257769769 2.11357454804929 0.634650973878337 1.93908418398491 0.206690147810912 -1.96035774720895 11.4344433481111 10.9710040494124 11.922481008438
4.56017282005736 2.04122032885964 7.99558623269546 4.38949864951258 1.28093384546206 3.58351893845611 3.74714836223791 1.80828877117927 2.43361335540045 2.10413415427021 3.08648663682246 1.93152141160321 5.50370419627299 5.83714718672362 3.77734810210154 1.94591014905531 4.07073469658297 3.00568260440716 2.46809953147162 3.91402100809082 0.333442990450637 2.51895249119772 1.93885959105865 0.329479201130242 1.15496522521924 0.170674170544773 -1.27697728381487 11.5791051711516 10.7455547367621 11.9399242233127
4.46820433091493 2.15176220325946 8.12470149242824 4.02713581252865 0.693147180559945 3.58351893845611 3.66867674679642 1.91692261218206 1.98787434815435 1.62924053973028 2.05412373369555 0.587786664902119 5.4245093917858 6.2803958389602 3.9740583963476 1.94591014905531 5.29831736654804 3.53222564406856 2.34180580614733 3.93769075217672 0.855886447174399 2.31644212765547 1.75175413461436 0.358633808424065 1.46633706879343 0.441068518386283 -1.81219338070268 11.7082204308843 11.21896561456 12.1863677373867
4.43438186500781 2.02814824729229 7.84365111472444 4.16200321069592 1.33500106673234 3.58351893845611 3.66867674679642 1.56861591791385 2.61739583283408 2.2512917986065 2.67414864942653 1.16315080980568 5.54439588914474 5.99893656194668 4.01638302075239 1.94591014905531 5.56068163101553 4.0943445622221 2.45100509811232 3.93378449720966 0.454540672801941 2.40623361771552 2.10006082888257 0.366104034227584 1.51099783962085 0.272378654311894 -1.56455717832537 11.4271700531805 10.5891996432783 11.7866523787484
13           2
4.07753744390572 2.50959926237837 8.44970872371607 3.5945687746427 1.19392246847243 2.07944154167984 3.08648663682246 1.41098697371026 2.43361335540045 1.96009478404727 2.62466859216316 1.19392246847243 5.04407007018249 5.35138408748473 3.37416870927424 1.94591014905531 3.20680324363393 2.58776403522771 2.11625551480255 4.02356438016105 0.307314017302236 1.56793818152735 1.67549966311219 0.47351857135318 1.43074612369072 0.482968669263025 -1.27385138515146 10.5291502653959 9.20182811463879 10.7643697606266
3.92986292355648 2.45958884180371 8.20201336232715 3.68637632389582 1.1314021114911 2.07944154167984 3.30688670219091 1.41098697371026 2.21920348405499 1.48160454092422 2.24070968927596 1.25276296849537 4.955122584166 5.31811999384422 3.66356164612965 1.94591014905531 3.5234150143864 3.4626060097908 2.28238238567653 3.18221184049661 0.362997409678219 1.47027408175277 1.89589972848065 0.737598943130779 0.98794672078059 0.243486599660659 -1.38826197223651 10.281454904007 9.38896408636674 10.6247851116043
14           2
4.97258722645873 2.54944517092557 9.42445032371867 4.67095792652609 1.45861502269952 3.58351893845611 4.0842942263686 2.07944154167984 2.76000994003292 2.39789527279837 3.15700042115011 1.70474809223843 6.51323011091231 6.54850559467094 4.76046307039413 1.94591014905531 4.38202663467388 3.13549421592915 3.08190996979504 3.10906095886099 0.0352754837586288 2.42314205553315 2.00485268468876 0.362114667234551 1.45225232891169 0.301629299932632 -1.57591980046555 13.0079692621748 12.0652117793407 13.3369507772296
5.06069449396899 2.90690105984738 10.2274693686884 4.99991133073328 1.82454929205105 3.3322045101752 4.05352256770185 2.31253542384721 3.13549421592915 2.4423470353692 3.1904763503465 1.75785791755237 6.30718727971528 6.84641164874108 4.65205377188694 1.94591014905531 4.36564315542336 3.24649099190117 2.68784749378469 5.02256386496153 0.5392243690258 2.15379343412162 1.74098714385463 0.693147180559945 1.43261843279413 0.0607831632357125 -1.78571821803575 13.5596738788636 12.5654400569115 13.8744896019598
15           4
4.42962561347316 2.36085400111802 8.50430637068177 3.90399083373088 0.916290731874155 0.693147180559945 3.09557760852371 1.43508452528932 2.30258509299405 2.10413415427021 2.34180580614733 0.916290731874155 4.85281120890269 5.22305488204749 3.71357206670431 1.94591014905531 4.13836144763888 2.56494935746154 2.19722457733622 3.68386691229039 0.370243673144801 2.06877161235514 1.66049308323438 0.198450938723838 1.42551507427317 0.525634779742279 -0.793434659395378 9.19745355124172 9.10668743248186 9.84624713015152
4.51195780426591 2.37954613413017 8.62402282750797 4.29864502573483 0.832909122935104 0.693147180559945 3.39114704580865 1.85629799036563 2.45958884180371 1.93152141160321 2.54160199346455 1.28093384546206 5.21547908823903 5.50288953227681 3.69137633431252 1.94591014905531 4.20319896713418 3.61091791264422 2.82731362192903 3.21486780347066 0.287410444037779 2.13241167013574 1.53484905544303 0.528067430200497 1.26066814800248 0.213312778531082 -0.990935802982221 9.31717000806792 10.1033049850724 10.478724758858
4.47392189937814 2.41591377830105 8.65872221106856 4.27388447605418 1.19392246847243 0.693147180559945 3.40784192438082 1.84054963339749 2.27212588550934 1.79175946922805 2.43361335540045 0.8754687373539 5.30181125580229 5.42274494492309 3.62167070442049 1.94591014905531 4.49869794147757 2.79116510781272 2.91235066461494 2.78501124223834 0.120933689120796 2.05800812107709 1.56729229098334 0.480366416281282 1.55814461804655 0.200037423323959 -0.948827460546243 9.35186939162851 10.0241069193227 10.4365906032764
4.40060302024682 2.24070968927596 8.23499515385234 4.29319542096727 1.45861502269952 0.693147180559945 3.19867311755068 1.45861502269952 2.24070968927596 1.90210752639692 2.28238238567653 1.09861228866811 5.28269598564508 5.38770092768272 3.8607297110406 1.94591014905531 3.54673968695281 2.68784749378469 2.52572864430826 4.26127043353808 0.105004942037642 2.15989333097086 1.74005809485116 0.338602162879038 1.18377009700842 0.107407599279551 -0.98710247989916 8.92814233441229 9.39795948455427 9.88353902718356
16           2
4.77912349311153 2.07944154167984 8.29097933152481 4.49088103958596 1.25276296849537 2.77258872223978 3.60004824040732 1.6094379124341 2.59525470695687 2.26176309847379 2.70805020110221 1.1314021114911 5.35800036870921 5.59731023014568 3.55248682920838 1.94591014905531 4.2780540442909 2.82731362192903 2.50959926237837 3.57515068878559 0.239309861436474 2.69968195143169 1.99061032797322 0.333491608483075 1.57664808961111 0.288242453525566 -0.818190444850788 11.0635680537646 10.1597667996084 11.4036246579898
4.30945594183905 1.98787434815435 7.63817739339403 3.97029191355212 0.8754687373539 2.484906649788 3.42426265459315 1.30833281965018 2.09186406167839 1.87180217690159 2.2082744135228 0.955511445027436 4.98292145552874 5.40762010143849 3.38777436133001 1.94591014905531 3.40119738166216 3.07269331469012 2.06686275947298 4.05698877567833 0.424698645909747 2.3215815936847 2.11592983494297 0.220061884776802 1.25276296849537 0.339164028286924 -1.09816864188433 10.123084043182 9.49318599230316 10.5500797625662
17           1
4.44382703557933 1.90210752639692 7.6010148432268 4.30271282795416 0.693147180559945 2.484906649788 3.49347265777133 1.43508452528932 2.53369681395743 2.06686275947298 2.55722731136763 1.16315080980568 4.72295322164447 4.79579054559674 3.9982007016692 1.94591014905531 3.54385368206368 2.92852352386054 2.14006616349627 2.50959926237837 0.0728373239522663 2.54171950918241 2.058388132482 0.466834054484456 1.39407650156195 0.141114207625172 -0.351971774446072 10.0859214930148 9.07731814527873 10.3968766506843
18           3
3.06805293513362 1.66770682055808 5.75643933130338 2.39789527279837 0.78845736036427 1.79175946922805 2.4932054526027 0.53062825106217 1.91692261218206 1.3609765531356 1.58923520511658 0.470003629245736 3.87535902105655 4.11577984294217 2.61739583283408 1.94591014905531 2.77881927199042 1.77495235091167 0.832909122935104 3.04452243772342 0.240420821885611 1.40034611457554 1.96257720154052 0.55594605904646 1.11923157587085 0.670157662335247 -1.04774322088919 7.54819880053143 6.49258396322838 7.84680479762065
3.08190996979504 1.6094379124341 5.65375854971685 2.53369681395743 0.587786664902119 1.79175946922805 2.45958884180371 0.693147180559945 1.90210752639692 0.916290731874155 1.7404661748405 0.336472236621213 3.82428409112014 4.10594369806545 2.60268968544438 1.94591014905531 2.74727091425549 1.56861591791385 0.832909122935104 2.99071973173045 0.281659606945313 1.47247205736094 1.76644166124377 0.985816794522765 1.40399393821929 0.548213155837611 -1.02405020259929 7.44551801894491 6.61165013705045 7.80624092852288
3.34286180464919 1.54756250871601 5.79095957713483 2.91777073208428 0.182321556793955 1.38629436111989 2.41591377830105 0.641853886172395 2.04122032885964 1.41098697371026 1.79175946922805 0 3.96271611974366 4.18052225846315 2.69462718077007 1.94591014905531 2.34180580614733 1.7227665977411 1.1314021114911 2.79728133483015 0.217806138719489 1.79529929593318 1.77405989212865 0.630233355149376 1.79175946922805 0.425091072564913 -0.83767574421694 7.17725393825472 6.59126033955794 7.61972744046317
19           5
4.01818320125654 1.7227665977411 6.81668915179235 3.89182029811063 0.641853886172395 1.79175946922805 3.09557760852371 1.50407739677627 1.82454929205105 1.45861502269952 2.18605127673809 0.832909122935104 4.82350218030508 5.25279685124623 2.69462718077007 1.94591014905531 2.50959926237837 1.38629436111989 1.84054963339749 2.18605127673809 0.429294670941148 2.29541660351543 1.59150021174743 0.365934269351529 1.35314215380299 0.12636290314591 -1.23461888283838 8.60844862102041 9.20542227316755 9.64398363893027
4.20618404397764 1.75785791755237 7.07487263379755 3.70376806660769 0.587786664902119 2.07944154167984 3.28840188751681 1.50407739677627 2.61006979274201 2.09186406167839 2.68102152871429 1.19392246847243 5.4174328474382 5.62582093318649 3.91202300542815 1.94591014905531 4.05004430332552 2.33214389523559 1.96009478404727 2.07944154167984 0.20838808574829 2.44832612642526 1.78432449074054 0.518205731063613 1.48709906024186 0.502415977369949 -1.41964049280596 9.15431417547739 9.77127063410092 10.2027830061501
4.05871738457895 1.79175946922805 6.99520907808867 3.85014760171006 0.470003629245736 1.79175946922805 2.83321334405622 1.33500106673234 2.05412373369555 1.50407739677627 2.16332302566054 0.955511445027436 4.9635436865624 5.08821342874163 3.35689712276558 1.94591014905531 3.67630067190708 2.40694510831829 2.04122032885964 2.96527306606928 0.124669742179225 2.26695791535089 1.49821227732388 0.550046336919272 1.2078115806331 0.208569782868891 -1.02950221317511 8.78696854731672 8.60939825615153 9.39526681597713
4.01457959375324 1.56861591791385 6.50478418463454 3.61091791264422 0.916290731874155 2.07944154167984 3.22684399451738 1.09861228866811 2.40694510831829 2.17475172148416 2.15176220325946 0.832909122935104 4.85903690994514 4.93878119032827 3.01553490085017 1.94591014905531 3.10906095886099 1.82454929205105 1.87180217690159 3.24259235148552 0.0797442803831304 2.44596367583939 2.12823170584927 0.232193386834128 1.31885308032436 0.403661681109014 -0.92420875987316 8.58422572631437 8.6172078901351 9.29399996051309
4.14630430115281 1.7227665977411 6.9448102514959 3.53514535417189 1.06471073699243 2.30258509299405 2.98061863574394 1.38629436111989 2.80336038090653 1.93152141160321 2.10413415427021 0.741937344729377 5.08388575583585 5.1334427233578 3.42751468997953 1.94591014905531 2.51769647261099 1.43508452528932 1.25276296849537 2.73436750941958 0.0495569675219542 2.42353770341171 1.59432427462405 0.871838969303321 1.36219680954083 0.611158946980918 -0.987144318414023 9.24739534448995 8.85332613684298 9.76279492419132
20           5
3.93182563272433 1.90210752639692 7.08901344057177 3.61899332664977 0.587786664902119 1.79175946922805 3.07269331469012 1.38629436111989 2.32238772029023 1.98787434815435 2.3887627892351 1.02961941718116 4.98634260152721 5.10655135092608 3.51452606696916 1.94591014905531 2.91235066461494 2.70136121295141 2.2082744135228 2.74727091425549 0.120208749398871 2.02971810632741 1.68639895357023 0.33451337213588 1.35914337205394 0.312832306074556 -1.1747317751186 8.88077290979983 8.91850944335744 9.59296635232318
4.09933210373314 1.97408102602201 7.40046691070857 3.6163087612791 0.955511445027436 1.79175946922805 3.06339092202781 1.30833281965018 2.12823170584927 1.58923520511658 2.41591377830105 0.955511445027436 4.97120122485085 5.20125565370491 3.51749783735832 1.94591014905531 3.73050112880476 2.68784749378469 2.23001440015921 3.32143241319329 0.230054428854057 2.12525107771113 1.75505810237763 0.538996500732687 1.46040233327361 0.483023342454039 -1.10192905959846 9.19222637993663 8.92594981200424 9.7610721172907
4.00369019395397 1.77495235091167 6.90656765083093 3.8877303128591 0.470003629245736 1.79175946922805 3.12236492448736 1.30833281965018 2.11625551480255 1.50407739677627 2.37954613413017 0.993251773010283 4.9351930989294 5.11198778835654 3.39450839351136 1.94591014905531 2.86220088092947 1.7404661748405 1.94591014905531 3.58905911883173 0.176794689427146 2.2287378430423 1.81403210483718 0.612178118026278 1.38629436111989 0.115959881094868 -1.10830361848081 8.69832712005898 8.89565594911542 9.49499817195574
3.91601502669768 1.7227665977411 6.7145209772335 3.49953328238302 0.587786664902119 2.07944154167984 3.1904763503465 1.48160454092422 2.04122032885964 1.48160454092422 2.55722731136763 0.955511445027436 5.10412563718359 5.27351224762907 3.6454498961866 1.94591014905531 2.86220088092947 2.71469474382088 2.2082744135228 3.11351530921037 0.169386610445471 2.19324842895658 1.70887180942229 0.559615787935423 1.60171586634019 0.416481744314666 -1.35750234649487 8.79396251891333 9.29856355552113 9.770905947787
4.35414143118435 1.93152141160321 7.5701570095475 4.1026433650368 1.09861228866811 2.07944154167984 3.38777436133001 1.62924053973028 2.57261223020711 2.16332302566054 2.10413415427021 0.693147180559945 4.99179220629478 5.42230334632903 3.69386699562498 1.6094379124341 3.10458667846607 3.00071981506503 1.82454929205105 2.31253542384721 0.430511140034252 2.42262001958113 1.75853382159973 0.409289204546568 1.41098697371026 0.25149806614755 -1.06816633209606 9.64959855122734 9.79228866401067 10.4166336905332
21           4
3.40784192438082 1.48160454092422 5.72402376128286 3.16124671203156 0.693147180559945 2.07944154167984 2.39789527279837 0.916290731874155 1.1314021114911 0.693147180559945 1.28093384546206 0.0953101798043249 4.36691299686383 4.65491227788291 3.19867311755068 1.94591014905531 3.14845336057165 2.41591377830105 1.64865862558738 3.10906095886099 0.287999281019072 1.92623738345661 1.48160454092422 0.438254930931155 1.18562366565774 0.24659521234926 -1.24707986820468 7.8034653029627 7.32206869917678 8.28460655285924
3.58351893845611 1.7404661748405 6.41742404319073 3.37416870927424 0.741937344729377 2.07944154167984 3.19867311755068 1.38629436111989 2.29253475714054 1.94591014905531 2.09186406167839 0.78845736036427 4.62202730305451 5.16135151147488 3.75185425327532 1.94591014905531 3.43398720448515 1.96009478404727 2.15176220325946 3.3499040872746 0.539324208420365 1.84305276361561 1.81237875643079 0.346624608085231 1.30340670131412 0.209350229181874 -1.57783830694728 8.49686558487056 9.0992894067668 9.53591916313433
3.15273602236366 1.38629436111989 5.27829749965704 2.91235066461494 0.587786664902119 2.07944154167984 3.03974915897077 1.25276296849537 2.41591377830105 1.45861502269952 2.42480272571829 0.993251773010283 4.39444915467244 4.66438204561994 3.3603753871419 1.94591014905531 3.35689712276558 2.70136121295141 2.02814824729229 2.47653840011748 0.269932890947499 1.76644166124377 1.7869861904754 0.957298755601532 1.43155095270801 0.240385357748716 -1.51165544828255 7.35773904133688 8.30986458970742 8.63622866753578
3.68135118769314 1.82454929205105 6.68342252684884 3.2846635654062 0.741937344729377 1.79175946922805 2.88480071284671 1.09861228866811 2.63188884013665 2.18605127673809 2.00148000021012 0.405465108108164 4.64342889810518 4.68675017298051 2.72129542785223 1.94591014905531 3.56104608260405 2.70805020110221 1.30833281965018 2.54944517092557 0.0433212748753324 1.8568018956421 1.7861884241786 0.445837563398552 1.59601489210196 0.396687622286941 -1.00540820183476 8.4751819960769 8.02313359111668 8.9676338722883
22           5
4.51961229762644 2.21920348405499 8.31099202074088 3.83514196109219 0.955511445027436 2.30258509299405 3.09104245335832 1.79175946922805 2.88480071284671 2.23001440015921 2.21920348405499 1.22377543162212 5.36176153910457 5.36176153910457 3.55820113047182 1.94591014905531 3.19867311755068 2.58776403522771 1.85629799036563 3.98898404656427 0 2.30040881357145 1.29928298413026 0.654786312687499 0.995428052432879 0.684470336534256 -0.842153934099683 10.6135771137349 9.59753387831229 10.9225493506099
4.40671924726425 1.82454929205105 7.40879058641995 4.17592454921452 0.8754687373539 2.07944154167984 3.56953269648137 1.25276296849537 2.54160199346455 2.02814824729229 2.56494935746154 1.41098697371026 5.34663122682659 5.43284825950564 3.3322045101752 1.94591014905531 4.22829253473184 2.42480272571829 2.2082744135228 3.97029191355212 0.0862170326790555 2.58216995521321 2.316769727986 0.51345374617226 1.15396238375127 0.23079469804973 -1.02613338286121 9.48823212809979 9.60811434110373 10.2431158085497
4.80811102998478 2.3887627892351 8.93860936350859 4.61512051684126 1.09861228866811 1.79175946922805 3.4626060097908 1.7404661748405 2.70805020110221 2.2512917986065 2.74727091425549 1.28093384546206 5.37805233456689 5.56221891033441 3.8177123259569 1.94591014905531 4.10758978897212 2.81540871942271 2.35137525716348 3.53805656437935 0.184166575767524 2.41934824074968 1.72213983495029 0.456758402495715 1.46633706879343 0.192990513143522 -0.754111720588034 10.7303688327366 10.1182615115871 11.1635833789579
4.38576962095272 2.27212588550934 8.28299414697444 4.10758978897212 1.06471073699243 2.30258509299405 3.5945687746427 1.77495235091167 2.56494935746154 1.82454929205105 2.84490938381941 1.56861591791385 5.56452040732269 5.72031177660741 3.58351893845611 1.94591014905531 3.96651119071222 3.29583686600433 2.4932054526027 2.484906649788 0.155791369284718 2.11364373544338 1.81961642373102 0.740400065410491 1.27629346590556 0.278179831980595 -1.33454543433785 10.5855792399685 10.4428033187831 11.2098844190253
4.37197629882038 2.28238238567653 8.28971382527726 4.19268046294296 1.02961941718116 1.79175946922805 3.2846635654062 1.56861591791385 2.52572864430826 2.06686275947298 2.4932054526027 1.38629436111989 5.06575459331733 5.5691075713296 3.62167070442049 1.94591014905531 3.66356164612965 2.72785282839839 2.01490302054226 3.60004824040732 0.503352978012264 2.08959391314385 1.71604764749236 0.45886588483528 1.1069110914828 0.179295835877418 -1.19713508638448 10.0814732945053 9.77535747127099 10.6332304750094
